-1 1
-0.999 0.998001
-0.998 0.996004
-0.997 0.994009
-0.996 0.992016
-0.995 0.990025
-0.994 0.988036
-0.993 0.986049
-0.992 0.9840639999999999
-0.991 0.982081
-0.99 0.9801
-0.989 0.978121
-0.988 0.976144
-0.987 0.974169
-0.986 0.972196
-0.985 0.970225
-0.984 0.968256
-0.983 0.966289
-0.982 0.964324
-0.981 0.962361
-0.98 0.9603999999999999
-0.979 0.958441
-0.978 0.956484
-0.977 0.954529
-0.976 0.952576
-0.975 0.9506249999999999
-0.974 0.948676
-0.973 0.9467289999999999
-0.972 0.944784
-0.971 0.9428409999999999
-0.97 0.9409
-0.969 0.9389609999999999
-0.968 0.937024
-0.967 0.935089
-0.966 0.933156
-0.965 0.931225
-0.964 0.9292959999999999
-0.963 0.9273689999999999
-0.962 0.9254439999999999
-0.961 0.9235209999999999
-0.96 0.9216
-0.959 0.919681
-0.958 0.9177639999999999
-0.957 0.9158489999999999
-0.956 0.913936
-0.955 0.912025
-0.954 0.9101159999999999
-0.953 0.9082089999999999
-0.952 0.9063039999999999
-0.951 0.9044009999999999
-0.95 0.9025
-0.949 0.9006009999999999
-0.948 0.898704
-0.947 0.8968089999999999
-0.946 0.8949159999999999
-0.945 0.893025
-0.944 0.8911359999999999
-0.943 0.889249
-0.942 0.8873639999999999
-0.941 0.8854809999999999
-0.94 0.8835999999999999
-0.939 0.8817209999999999
-0.938 0.8798439999999998
-0.9369999999999999 0.8779689999999999
-0.9359999999999999 0.8760959999999999
-0.9349999999999999 0.8742249999999999
-0.9339999999999999 0.8723559999999999
-0.9329999999999999 0.8704889999999998
-0.9319999999999999 0.8686239999999998
-0.9309999999999999 0.8667609999999999
-0.9299999999999999 0.8648999999999999
-0.9289999999999999 0.8630409999999998
-0.9279999999999999 0.8611839999999998
-0.9269999999999999 0.8593289999999999
-0.9259999999999999 0.8574759999999999
-0.9249999999999999 0.8556249999999999
-0.9239999999999999 0.8537759999999999
-0.9229999999999999 0.8519289999999998
-0.9219999999999999 0.8500839999999998
-0.9209999999999999 0.8482409999999999
-0.9199999999999999 0.8463999999999998
-0.9189999999999999 0.8445609999999999
-0.9179999999999999 0.8427239999999999
-0.9169999999999999 0.8408889999999999
-0.9159999999999999 0.8390559999999999
-0.9149999999999999 0.8372249999999999
-0.9139999999999999 0.8353959999999998
-0.9129999999999999 0.8335689999999999
-0.9119999999999999 0.8317439999999998
-0.9109999999999999 0.8299209999999999
-0.9099999999999999 0.8280999999999998
-0.9089999999999999 0.8262809999999998
-0.9079999999999999 0.8244639999999999
-0.9069999999999999 0.8226489999999999
-0.9059999999999999 0.8208359999999999
-0.9049999999999999 0.8190249999999999
-0.9039999999999999 0.8172159999999998
-0.9029999999999999 0.8154089999999998
-0.9019999999999999 0.8136039999999999
-0.9009999999999999 0.8118009999999999
-0.8999999999999999 0.8099999999999998
-0.8989999999999999 0.8082009999999998
-0.8979999999999999 0.8064039999999998
-0.8969999999999999 0.8046089999999998
-0.8959999999999999 0.8028159999999999
-0.8949999999999999 0.8010249999999999
-0.8939999999999999 0.7992359999999998
-0.8929999999999999 0.7974489999999999
-0.8919999999999999 0.7956639999999998
-0.8909999999999999 0.7938809999999998
-0.8899999999999999 0.7920999999999998
-0.8889999999999999 0.7903209999999998
-0.8879999999999999 0.7885439999999998
-0.8869999999999999 0.7867689999999998
-0.8859999999999999 0.7849959999999998
-0.8849999999999999 0.7832249999999998
-0.8839999999999999 0.7814559999999998
-0.8829999999999999 0.7796889999999999
-0.8819999999999999 0.7779239999999998
-0.8809999999999999 0.7761609999999998
-0.8799999999999999 0.7743999999999999
-0.8789999999999999 0.7726409999999998
-0.8779999999999999 0.7708839999999998
-0.8769999999999999 0.7691289999999998
-0.8759999999999999 0.7673759999999998
-0.8749999999999999 0.7656249999999998
-0.8739999999999999 0.7638759999999998
-0.8729999999999999 0.7621289999999998
-0.8719999999999999 0.7603839999999998
-0.8709999999999999 0.7586409999999998
-0.8699999999999999 0.7568999999999998
-0.8689999999999999 0.7551609999999997
-0.8679999999999999 0.7534239999999998
-0.8669999999999999 0.7516889999999998
-0.8659999999999999 0.7499559999999998
-0.8649999999999999 0.7482249999999998
-0.8639999999999999 0.7464959999999998
-0.8629999999999999 0.7447689999999998
-0.8619999999999999 0.7430439999999998
-0.8609999999999999 0.7413209999999998
-0.8599999999999999 0.7395999999999998
-0.8589999999999999 0.7378809999999998
-0.8579999999999999 0.7361639999999998
-0.8569999999999999 0.7344489999999998
-0.8559999999999999 0.7327359999999998
-0.8549999999999999 0.7310249999999998
-0.8539999999999999 0.7293159999999997
-0.8529999999999999 0.7276089999999997
-0.8519999999999999 0.7259039999999998
-0.8509999999999999 0.7242009999999998
-0.8499999999999999 0.7224999999999998
-0.8489999999999999 0.7208009999999998
-0.8479999999999999 0.7191039999999997
-0.8469999999999999 0.7174089999999997
-0.8459999999999999 0.7157159999999998
-0.8449999999999999 0.7140249999999998
-0.8439999999999999 0.7123359999999997
-0.8429999999999999 0.7106489999999998
-0.8419999999999999 0.7089639999999998
-0.8409999999999999 0.7072809999999997
-0.8399999999999999 0.7055999999999998
-0.8389999999999999 0.7039209999999998
-0.8379999999999999 0.7022439999999998
-0.8369999999999999 0.7005689999999998
-0.8359999999999999 0.6988959999999997
-0.8349999999999999 0.6972249999999998
-0.8339999999999999 0.6955559999999997
-0.8329999999999999 0.6938889999999998
-0.8319999999999999 0.6922239999999997
-0.8309999999999998 0.6905609999999998
-0.8299999999999998 0.6888999999999997
-0.8289999999999998 0.6872409999999998
-0.8279999999999998 0.6855839999999997
-0.8269999999999998 0.6839289999999998
-0.8259999999999998 0.6822759999999998
-0.8249999999999998 0.6806249999999997
-0.8239999999999998 0.6789759999999997
-0.8229999999999998 0.6773289999999997
-0.8219999999999998 0.6756839999999997
-0.8209999999999998 0.6740409999999998
-0.8199999999999998 0.6723999999999998
-0.8189999999999998 0.6707609999999997
-0.8179999999999998 0.6691239999999997
-0.8169999999999998 0.6674889999999998
-0.8159999999999998 0.6658559999999998
-0.8149999999999998 0.6642249999999997
-0.8139999999999998 0.6625959999999997
-0.8129999999999998 0.6609689999999997
-0.8119999999999998 0.6593439999999997
-0.8109999999999998 0.6577209999999998
-0.8099999999999998 0.6560999999999997
-0.8089999999999998 0.6544809999999998
-0.8079999999999998 0.6528639999999998
-0.8069999999999998 0.6512489999999997
-0.8059999999999998 0.6496359999999998
-0.8049999999999998 0.6480249999999997
-0.8039999999999998 0.6464159999999998
-0.8029999999999998 0.6448089999999997
-0.8019999999999998 0.6432039999999997
-0.8009999999999998 0.6416009999999998
-0.7999999999999998 0.6399999999999997
-0.7989999999999998 0.6384009999999997
-0.7979999999999998 0.6368039999999997
-0.7969999999999998 0.6352089999999997
-0.7959999999999998 0.6336159999999997
-0.7949999999999998 0.6320249999999997
-0.7939999999999998 0.6304359999999997
-0.7929999999999998 0.6288489999999997
-0.7919999999999998 0.6272639999999997
-0.7909999999999998 0.6256809999999997
-0.7899999999999998 0.6240999999999997
-0.7889999999999998 0.6225209999999997
-0.7879999999999998 0.6209439999999997
-0.7869999999999998 0.6193689999999997
-0.7859999999999998 0.6177959999999997
-0.7849999999999998 0.6162249999999997
-0.7839999999999998 0.6146559999999996
-0.7829999999999998 0.6130889999999997
-0.7819999999999998 0.6115239999999997
-0.7809999999999998 0.6099609999999996
-0.7799999999999998 0.6083999999999997
-0.7789999999999998 0.6068409999999997
-0.7779999999999998 0.6052839999999997
-0.7769999999999998 0.6037289999999997
-0.7759999999999998 0.6021759999999997
-0.7749999999999998 0.6006249999999997
-0.7739999999999998 0.5990759999999997
-0.7729999999999998 0.5975289999999996
-0.7719999999999998 0.5959839999999997
-0.7709999999999998 0.5944409999999997
-0.7699999999999998 0.5928999999999996
-0.7689999999999998 0.5913609999999997
-0.7679999999999998 0.5898239999999997
-0.7669999999999998 0.5882889999999997
-0.7659999999999998 0.5867559999999997
-0.7649999999999998 0.5852249999999997
-0.7639999999999998 0.5836959999999997
-0.7629999999999998 0.5821689999999997
-0.7619999999999998 0.5806439999999997
-0.7609999999999998 0.5791209999999997
-0.7599999999999998 0.5775999999999997
-0.7589999999999998 0.5760809999999996
-0.7579999999999998 0.5745639999999996
-0.7569999999999998 0.5730489999999997
-0.7559999999999998 0.5715359999999997
-0.7549999999999998 0.5700249999999997
-0.7539999999999998 0.5685159999999997
-0.7529999999999998 0.5670089999999997
-0.7519999999999998 0.5655039999999997
-0.7509999999999998 0.5640009999999996
-0.7499999999999998 0.5624999999999997
-0.7489999999999998 0.5610009999999996
-0.7479999999999998 0.5595039999999997
-0.7469999999999998 0.5580089999999996
-0.7459999999999998 0.5565159999999997
-0.7449999999999998 0.5550249999999997
-0.7439999999999998 0.5535359999999997
-0.7429999999999998 0.5520489999999997
-0.7419999999999998 0.5505639999999996
-0.7409999999999998 0.5490809999999997
-0.7399999999999998 0.5475999999999996
-0.7389999999999998 0.5461209999999996
-0.7379999999999998 0.5446439999999997
-0.7369999999999998 0.5431689999999997
-0.7359999999999998 0.5416959999999996
-0.7349999999999998 0.5402249999999996
-0.7339999999999998 0.5387559999999997
-0.7329999999999998 0.5372889999999997
-0.7319999999999998 0.5358239999999996
-0.7309999999999998 0.5343609999999996
-0.7299999999999998 0.5328999999999996
-0.7289999999999998 0.5314409999999996
-0.7279999999999998 0.5299839999999997
-0.7269999999999998 0.5285289999999997
-0.7259999999999998 0.5270759999999997
-0.7249999999999998 0.5256249999999997
-0.7239999999999998 0.5241759999999996
-0.7229999999999998 0.5227289999999997
-0.7219999999999998 0.5212839999999996
-0.7209999999999998 0.5198409999999997
-0.7199999999999998 0.5183999999999996
-0.7189999999999998 0.5169609999999997
-0.7179999999999997 0.5155239999999996
-0.7169999999999997 0.5140889999999997
-0.7159999999999997 0.5126559999999997
-0.7149999999999997 0.5112249999999996
-0.7139999999999997 0.5097959999999996
-0.7129999999999997 0.5083689999999996
-0.7119999999999997 0.5069439999999996
-0.7109999999999997 0.5055209999999997
-0.7099999999999997 0.5040999999999997
-0.7089999999999997 0.5026809999999996
-0.7079999999999997 0.5012639999999996
-0.7069999999999997 0.49984899999999965
-0.7059999999999997 0.49843599999999966
-0.7049999999999997 0.4970249999999996
-0.7039999999999997 0.4956159999999996
-0.7029999999999997 0.4942089999999996
-0.7019999999999997 0.49280399999999963
-0.7009999999999997 0.49140099999999964
-0.6999999999999997 0.4899999999999996
-0.6989999999999997 0.4886009999999996
-0.6979999999999997 0.48720399999999964
-0.6969999999999997 0.4858089999999996
-0.6959999999999997 0.4844159999999996
-0.6949999999999997 0.48302499999999965
-0.6939999999999997 0.4816359999999996
-0.6929999999999997 0.48024899999999965
-0.6919999999999997 0.4788639999999996
-0.6909999999999997 0.4774809999999996
-0.6899999999999997 0.47609999999999963
-0.6889999999999997 0.4747209999999996
-0.6879999999999997 0.4733439999999996
-0.6869999999999997 0.47196899999999964
-0.6859999999999997 0.4705959999999996
-0.6849999999999997 0.4692249999999996
-0.6839999999999997 0.4678559999999996
-0.6829999999999997 0.4664889999999996
-0.6819999999999997 0.4651239999999996
-0.6809999999999997 0.4637609999999996
-0.6799999999999997 0.4623999999999996
-0.6789999999999997 0.4610409999999996
-0.6779999999999997 0.4596839999999996
-0.6769999999999997 0.4583289999999996
-0.6759999999999997 0.4569759999999996
-0.6749999999999997 0.4556249999999996
-0.6739999999999997 0.4542759999999996
-0.6729999999999997 0.4529289999999996
-0.6719999999999997 0.4515839999999996
-0.6709999999999997 0.4502409999999996
-0.6699999999999997 0.44889999999999963
-0.6689999999999997 0.4475609999999996
-0.6679999999999997 0.4462239999999996
-0.6669999999999997 0.4448889999999996
-0.6659999999999997 0.4435559999999996
-0.6649999999999997 0.4422249999999996
-0.6639999999999997 0.4408959999999996
-0.6629999999999997 0.4395689999999996
-0.6619999999999997 0.4382439999999996
-0.6609999999999997 0.4369209999999996
-0.6599999999999997 0.4355999999999996
-0.6589999999999997 0.4342809999999996
-0.6579999999999997 0.4329639999999996
-0.6569999999999997 0.4316489999999996
-0.6559999999999997 0.4303359999999996
-0.6549999999999997 0.4290249999999996
-0.6539999999999997 0.4277159999999996
-0.6529999999999997 0.4264089999999996
-0.6519999999999997 0.4251039999999996
-0.6509999999999997 0.4238009999999996
-0.6499999999999997 0.4224999999999996
-0.6489999999999997 0.4212009999999996
-0.6479999999999997 0.4199039999999996
-0.6469999999999997 0.4186089999999996
-0.6459999999999997 0.4173159999999996
-0.6449999999999997 0.4160249999999996
-0.6439999999999997 0.4147359999999996
-0.6429999999999997 0.41344899999999957
-0.6419999999999997 0.4121639999999996
-0.6409999999999997 0.4108809999999996
-0.6399999999999997 0.4095999999999996
-0.6389999999999997 0.4083209999999996
-0.6379999999999997 0.4070439999999996
-0.6369999999999997 0.4057689999999996
-0.6359999999999997 0.4044959999999996
-0.6349999999999997 0.4032249999999996
-0.6339999999999997 0.4019559999999996
-0.6329999999999997 0.4006889999999996
-0.6319999999999997 0.3994239999999996
-0.6309999999999997 0.3981609999999996
-0.6299999999999997 0.3968999999999996
-0.6289999999999997 0.3956409999999996
-0.6279999999999997 0.39438399999999957
-0.6269999999999997 0.39312899999999956
-0.6259999999999997 0.39187599999999956
-0.6249999999999997 0.3906249999999996
-0.6239999999999997 0.38937599999999956
-0.6229999999999997 0.38812899999999956
-0.6219999999999997 0.38688399999999956
-0.6209999999999997 0.38564099999999957
-0.6199999999999997 0.3843999999999996
-0.6189999999999997 0.3831609999999996
-0.6179999999999997 0.3819239999999996
-0.6169999999999997 0.38068899999999956
-0.6159999999999997 0.37945599999999957
-0.6149999999999997 0.3782249999999996
-0.6139999999999997 0.37699599999999955
-0.6129999999999997 0.3757689999999996
-0.6119999999999997 0.3745439999999996
-0.6109999999999997 0.37332099999999957
-0.6099999999999997 0.3720999999999996
-0.6089999999999997 0.37088099999999957
-0.6079999999999997 0.3696639999999996
-0.6069999999999997 0.3684489999999996
-0.6059999999999997 0.36723599999999956
-0.6049999999999996 0.3660249999999996
-0.6039999999999996 0.3648159999999996
-0.6029999999999996 0.36360899999999957
-0.6019999999999996 0.36240399999999956
-0.6009999999999996 0.36120099999999955
-0.5999999999999996 0.3599999999999996
-0.5989999999999996 0.3588009999999996
-0.5979999999999996 0.3576039999999996
-0.5969999999999996 0.3564089999999996
-0.5959999999999996 0.3552159999999996
-0.5949999999999996 0.3540249999999996
-0.5939999999999996 0.3528359999999996
-0.5929999999999996 0.35164899999999955
-0.5919999999999996 0.35046399999999955
-0.5909999999999996 0.34928099999999956
-0.5899999999999996 0.3480999999999996
-0.5889999999999996 0.3469209999999996
-0.5879999999999996 0.34574399999999955
-0.5869999999999996 0.34456899999999957
-0.5859999999999996 0.3433959999999996
-0.5849999999999996 0.34222499999999956
-0.5839999999999996 0.3410559999999996
-0.5829999999999996 0.33988899999999955
-0.5819999999999996 0.3387239999999996
-0.5809999999999996 0.33756099999999956
-0.5799999999999996 0.3363999999999996
-0.5789999999999996 0.33524099999999957
-0.5779999999999996 0.33408399999999955
-0.5769999999999996 0.3329289999999996
-0.5759999999999996 0.33177599999999957
-0.5749999999999996 0.33062499999999956
-0.5739999999999996 0.32947599999999955
-0.5729999999999996 0.32832899999999954
-0.5719999999999996 0.3271839999999996
-0.5709999999999996 0.3260409999999996
-0.5699999999999996 0.3248999999999996
-0.5689999999999996 0.3237609999999996
-0.5679999999999996 0.3226239999999996
-0.5669999999999996 0.3214889999999996
-0.5659999999999996 0.3203559999999996
-0.5649999999999996 0.31922499999999954
-0.5639999999999996 0.31809599999999955
-0.5629999999999996 0.31696899999999956
-0.5619999999999996 0.31584399999999957
-0.5609999999999996 0.3147209999999996
-0.5599999999999996 0.31359999999999955
-0.5589999999999996 0.31248099999999956
-0.5579999999999996 0.3113639999999996
-0.5569999999999996 0.31024899999999955
-0.5559999999999996 0.3091359999999996
-0.5549999999999996 0.30802499999999955
-0.5539999999999996 0.3069159999999996
-0.5529999999999996 0.30580899999999955
-0.5519999999999996 0.3047039999999996
-0.5509999999999996 0.30360099999999957
-0.5499999999999996 0.30249999999999955
-0.5489999999999996 0.3014009999999996
-0.5479999999999996 0.30030399999999957
-0.5469999999999996 0.29920899999999956
-0.5459999999999996 0.29811599999999955
-0.5449999999999996 0.29702499999999954
-0.5439999999999996 0.29593599999999953
-0.5429999999999996 0.2948489999999996
-0.5419999999999996 0.2937639999999996
-0.5409999999999996 0.2926809999999996
-0.5399999999999996 0.2915999999999996
-0.5389999999999996 0.2905209999999996
-0.5379999999999996 0.28944399999999953
-0.5369999999999996 0.28836899999999954
-0.5359999999999996 0.28729599999999955
-0.5349999999999996 0.28622499999999956
-0.5339999999999996 0.2851559999999996
-0.5329999999999996 0.28408899999999954
-0.5319999999999996 0.28302399999999955
-0.5309999999999996 0.2819609999999996
-0.5299999999999996 0.28089999999999954
-0.5289999999999996 0.27984099999999956
-0.5279999999999996 0.27878399999999953
-0.5269999999999996 0.27772899999999956
-0.5259999999999996 0.27667599999999953
-0.5249999999999996 0.27562499999999956
-0.5239999999999996 0.27457599999999954
-0.5229999999999996 0.2735289999999996
-0.5219999999999996 0.27248399999999956
-0.5209999999999996 0.27144099999999954
-0.5199999999999996 0.27039999999999953
-0.5189999999999996 0.2693609999999996
-0.5179999999999996 0.26832399999999956
-0.5169999999999996 0.26728899999999955
-0.5159999999999996 0.26625599999999955
-0.5149999999999996 0.26522499999999954
-0.5139999999999996 0.26419599999999954
-0.5129999999999996 0.26316899999999954
-0.5119999999999996 0.26214399999999954
-0.5109999999999996 0.26112099999999955
-0.5099999999999996 0.26009999999999955
-0.5089999999999996 0.25908099999999956
-0.5079999999999996 0.25806399999999957
-0.5069999999999996 0.2570489999999996
-0.5059999999999996 0.25603599999999954
-0.5049999999999996 0.25502499999999956
-0.5039999999999996 0.2540159999999996
-0.5029999999999996 0.25300899999999954
-0.5019999999999996 0.25200399999999956
-0.5009999999999996 0.25100099999999953
-0.49999999999999956 0.24999999999999956
-0.49899999999999956 0.24900099999999956
-0.49799999999999955 0.24800399999999956
-0.49699999999999955 0.24700899999999956
-0.49599999999999955 0.24601599999999957
-0.49499999999999955 0.24502499999999955
-0.49399999999999955 0.24403599999999956
-0.49299999999999955 0.24304899999999954
-0.49199999999999955 0.24206399999999956
-0.49099999999999955 0.24108099999999955
-0.48999999999999955 0.24009999999999956
-0.48899999999999955 0.23912099999999956
-0.48799999999999955 0.23814399999999955
-0.48699999999999954 0.23716899999999955
-0.48599999999999954 0.23619599999999955
-0.48499999999999954 0.23522499999999955
-0.48399999999999954 0.23425599999999955
-0.48299999999999954 0.23328899999999955
-0.48199999999999954 0.23232399999999956
-0.48099999999999954 0.23136099999999957
-0.47999999999999954 0.23039999999999955
-0.47899999999999954 0.22944099999999956
-0.47799999999999954 0.22848399999999955
-0.47699999999999954 0.22752899999999956
-0.47599999999999953 0.22657599999999956
-0.47499999999999953 0.22562499999999955
-0.47399999999999953 0.22467599999999957
-0.47299999999999953 0.22372899999999957
-0.47199999999999953 0.22278399999999957
-0.47099999999999953 0.22184099999999957
-0.46999999999999953 0.22089999999999957
-0.46899999999999953 0.21996099999999955
-0.4679999999999995 0.21902399999999955
-0.4669999999999995 0.21808899999999956
-0.4659999999999995 0.21715599999999957
-0.4649999999999995 0.21622499999999956
-0.4639999999999995 0.21529599999999957
-0.4629999999999995 0.21436899999999956
-0.4619999999999995 0.21344399999999955
-0.4609999999999995 0.21252099999999957
-0.4599999999999995 0.21159999999999957
-0.4589999999999995 0.21068099999999956
-0.4579999999999995 0.20976399999999956
-0.4569999999999995 0.20884899999999956
-0.4559999999999995 0.20793599999999957
-0.4549999999999995 0.20702499999999957
-0.4539999999999995 0.20611599999999955
-0.4529999999999995 0.20520899999999956
-0.4519999999999995 0.20430399999999957
-0.4509999999999995 0.20340099999999955
-0.4499999999999995 0.20249999999999957
-0.4489999999999995 0.20160099999999956
-0.4479999999999995 0.20070399999999955
-0.4469999999999995 0.19980899999999957
-0.4459999999999995 0.19891599999999957
-0.4449999999999995 0.19802499999999956
-0.4439999999999995 0.19713599999999956
-0.4429999999999995 0.19624899999999956
-0.4419999999999995 0.19536399999999957
-0.4409999999999995 0.19448099999999957
-0.4399999999999995 0.19359999999999955
-0.4389999999999995 0.19272099999999956
-0.4379999999999995 0.19184399999999957
-0.4369999999999995 0.19096899999999956
-0.4359999999999995 0.19009599999999957
-0.4349999999999995 0.18922499999999956
-0.4339999999999995 0.18835599999999955
-0.4329999999999995 0.18748899999999957
-0.4319999999999995 0.18662399999999957
-0.4309999999999995 0.18576099999999957
-0.4299999999999995 0.18489999999999956
-0.4289999999999995 0.18404099999999957
-0.4279999999999995 0.18318399999999957
-0.4269999999999995 0.18232899999999957
-0.4259999999999995 0.18147599999999955
-0.4249999999999995 0.18062499999999956
-0.4239999999999995 0.17977599999999958
-0.4229999999999995 0.17892899999999956
-0.4219999999999995 0.17808399999999958
-0.4209999999999995 0.17724099999999957
-0.4199999999999995 0.17639999999999956
-0.4189999999999995 0.17556099999999958
-0.4179999999999995 0.17472399999999957
-0.4169999999999995 0.17388899999999957
-0.4159999999999995 0.17305599999999957
-0.4149999999999995 0.17222499999999957
-0.4139999999999995 0.17139599999999958
-0.4129999999999995 0.17056899999999958
-0.4119999999999995 0.16974399999999956
-0.4109999999999995 0.16892099999999957
-0.4099999999999995 0.16809999999999958
-0.4089999999999995 0.16728099999999957
-0.4079999999999995 0.16646399999999958
-0.4069999999999995 0.16564899999999957
-0.4059999999999995 0.16483599999999957
-0.40499999999999947 0.16402499999999956
-0.40399999999999947 0.16321599999999958
-0.40299999999999947 0.16240899999999958
-0.40199999999999947 0.16160399999999958
-0.40099999999999947 0.16080099999999958
-0.39999999999999947 0.1599999999999996
-0.39899999999999947 0.15920099999999957
-0.39799999999999947 0.15840399999999957
-0.39699999999999946 0.15760899999999958
-0.39599999999999946 0.15681599999999957
-0.39499999999999946 0.15602499999999958
-0.39399999999999946 0.15523599999999957
-0.39299999999999946 0.1544489999999996
-0.39199999999999946 0.15366399999999958
-0.39099999999999946 0.15288099999999957
-0.38999999999999946 0.15209999999999957
-0.38899999999999946 0.15132099999999957
-0.38799999999999946 0.15054399999999957
-0.38699999999999946 0.14976899999999957
-0.38599999999999945 0.14899599999999957
-0.38499999999999945 0.14822499999999958
-0.38399999999999945 0.1474559999999996
-0.38299999999999945 0.14668899999999957
-0.38199999999999945 0.14592399999999958
-0.38099999999999945 0.14516099999999957
-0.37999999999999945 0.14439999999999958
-0.37899999999999945 0.14364099999999957
-0.37799999999999945 0.1428839999999996
-0.37699999999999945 0.1421289999999996
-0.37599999999999945 0.14137599999999959
-0.37499999999999944 0.14062499999999958
-0.37399999999999944 0.13987599999999958
-0.37299999999999944 0.1391289999999996
-0.37199999999999944 0.1383839999999996
-0.37099999999999944 0.1376409999999996
-0.36999999999999944 0.13689999999999958
-0.36899999999999944 0.1361609999999996
-0.36799999999999944 0.1354239999999996
-0.36699999999999944 0.1346889999999996
-0.36599999999999944 0.13395599999999958
-0.36499999999999944 0.1332249999999996
-0.36399999999999944 0.1324959999999996
-0.36299999999999943 0.13176899999999958
-0.36199999999999943 0.13104399999999958
-0.36099999999999943 0.1303209999999996
-0.35999999999999943 0.1295999999999996
-0.35899999999999943 0.12888099999999958
-0.35799999999999943 0.12816399999999958
-0.35699999999999943 0.1274489999999996
-0.35599999999999943 0.1267359999999996
-0.3549999999999994 0.12602499999999958
-0.3539999999999994 0.1253159999999996
-0.3529999999999994 0.1246089999999996
-0.3519999999999994 0.1239039999999996
-0.3509999999999994 0.12320099999999959
-0.3499999999999994 0.1224999999999996
-0.3489999999999994 0.12180099999999959
-0.3479999999999994 0.1211039999999996
-0.3469999999999994 0.1204089999999996
-0.3459999999999994 0.1197159999999996
-0.3449999999999994 0.1190249999999996
-0.3439999999999994 0.1183359999999996
-0.3429999999999994 0.1176489999999996
-0.3419999999999994 0.1169639999999996
-0.3409999999999994 0.1162809999999996
-0.3399999999999994 0.1155999999999996
-0.3389999999999994 0.1149209999999996
-0.3379999999999994 0.1142439999999996
-0.3369999999999994 0.1135689999999996
-0.3359999999999994 0.11289599999999961
-0.3349999999999994 0.1122249999999996
-0.3339999999999994 0.1115559999999996
-0.3329999999999994 0.1108889999999996
-0.3319999999999994 0.1102239999999996
-0.3309999999999994 0.1095609999999996
-0.3299999999999994 0.10889999999999961
-0.3289999999999994 0.1082409999999996
-0.3279999999999994 0.10758399999999961
-0.3269999999999994 0.10692899999999961
-0.3259999999999994 0.1062759999999996
-0.3249999999999994 0.10562499999999961
-0.3239999999999994 0.10497599999999961
-0.3229999999999994 0.10432899999999962
-0.3219999999999994 0.10368399999999961
-0.3209999999999994 0.10304099999999962
-0.3199999999999994 0.10239999999999962
-0.3189999999999994 0.10176099999999962
-0.3179999999999994 0.10112399999999962
-0.3169999999999994 0.10048899999999962
-0.3159999999999994 0.09985599999999961
-0.3149999999999994 0.09922499999999962
-0.3139999999999994 0.09859599999999961
-0.3129999999999994 0.09796899999999961
-0.3119999999999994 0.09734399999999963
-0.3109999999999994 0.09672099999999961
-0.3099999999999994 0.09609999999999962
-0.3089999999999994 0.09548099999999962
-0.3079999999999994 0.09486399999999962
-0.3069999999999994 0.09424899999999962
-0.3059999999999994 0.09363599999999962
-0.3049999999999994 0.09302499999999962
-0.3039999999999994 0.09241599999999962
-0.3029999999999994 0.09180899999999963
-0.3019999999999994 0.09120399999999962
-0.3009999999999994 0.09060099999999963
-0.2999999999999994 0.08999999999999962
-0.2989999999999994 0.08940099999999963
-0.2979999999999994 0.08880399999999963
-0.2969999999999994 0.08820899999999963
-0.2959999999999994 0.08761599999999962
-0.2949999999999994 0.08702499999999963
-0.2939999999999994 0.08643599999999964
-0.29299999999999937 0.08584899999999963
-0.29199999999999937 0.08526399999999963
-0.29099999999999937 0.08468099999999963
-0.28999999999999937 0.08409999999999963
-0.28899999999999937 0.08352099999999964
-0.28799999999999937 0.08294399999999963
-0.28699999999999937 0.08236899999999964
-0.28599999999999937 0.08179599999999963
-0.28499999999999936 0.08122499999999964
-0.28399999999999936 0.08065599999999964
-0.28299999999999936 0.08008899999999963
-0.28199999999999936 0.07952399999999964
-0.28099999999999936 0.07896099999999964
-0.27999999999999936 0.07839999999999964
-0.27899999999999936 0.07784099999999965
-0.27799999999999936 0.07728399999999964
-0.27699999999999936 0.07672899999999964
-0.27599999999999936 0.07617599999999965
-0.27499999999999936 0.07562499999999965
-0.27399999999999936 0.07507599999999964
-0.27299999999999935 0.07452899999999965
-0.27199999999999935 0.07398399999999965
-0.27099999999999935 0.07344099999999965
-0.26999999999999935 0.07289999999999965
-0.26899999999999935 0.07236099999999965
-0.26799999999999935 0.07182399999999965
-0.26699999999999935 0.07128899999999966
-0.26599999999999935 0.07075599999999965
-0.26499999999999935 0.07022499999999965
-0.26399999999999935 0.06969599999999966
-0.26299999999999935 0.06916899999999966
-0.26199999999999934 0.06864399999999965
-0.26099999999999934 0.06812099999999965
-0.25999999999999934 0.06759999999999966
-0.25899999999999934 0.06708099999999965
-0.25799999999999934 0.06656399999999967
-0.25699999999999934 0.06604899999999966
-0.25599999999999934 0.06553599999999966
-0.25499999999999934 0.06502499999999967
-0.25399999999999934 0.06451599999999966
-0.25299999999999934 0.06400899999999966
-0.25199999999999934 0.06350399999999967
-0.25099999999999933 0.06300099999999967
-0.24999999999999933 0.06249999999999967
-0.24899999999999933 0.06200099999999967
-0.24799999999999933 0.06150399999999967
-0.24699999999999933 0.06100899999999967
-0.24599999999999933 0.06051599999999967
-0.24499999999999933 0.06002499999999967
-0.24399999999999933 0.05953599999999967
-0.24299999999999933 0.05904899999999967
-0.24199999999999933 0.05856399999999967
-0.24099999999999933 0.058080999999999675
-0.23999999999999932 0.05759999999999968
-0.23899999999999932 0.05712099999999968
-0.23799999999999932 0.05664399999999968
-0.23699999999999932 0.05616899999999968
-0.23599999999999932 0.055695999999999676
-0.23499999999999932 0.055224999999999684
-0.23399999999999932 0.05475599999999968
-0.23299999999999932 0.054288999999999685
-0.23199999999999932 0.053823999999999685
-0.23099999999999932 0.053360999999999686
-0.22999999999999932 0.05289999999999968
-0.22899999999999932 0.05244099999999969
-0.22799999999999931 0.05198399999999969
-0.2269999999999993 0.051528999999999686
-0.2259999999999993 0.05107599999999969
-0.2249999999999993 0.05062499999999969
-0.2239999999999993 0.05017599999999969
-0.2229999999999993 0.04972899999999969
-0.2219999999999993 0.049283999999999696
-0.2209999999999993 0.0488409999999997
-0.2199999999999993 0.04839999999999969
-0.2189999999999993 0.0479609999999997
-0.2179999999999993 0.0475239999999997
-0.2169999999999993 0.0470889999999997
-0.2159999999999993 0.0466559999999997
-0.2149999999999993 0.0462249999999997
-0.2139999999999993 0.0457959999999997
-0.2129999999999993 0.0453689999999997
-0.2119999999999993 0.044943999999999706
-0.2109999999999993 0.04452099999999971
-0.2099999999999993 0.0440999999999997
-0.2089999999999993 0.043680999999999706
-0.2079999999999993 0.043263999999999705
-0.2069999999999993 0.04284899999999971
-0.2059999999999993 0.04243599999999971
-0.2049999999999993 0.04202499999999971
-0.2039999999999993 0.04161599999999971
-0.2029999999999993 0.04120899999999971
-0.2019999999999993 0.040803999999999715
-0.2009999999999993 0.040400999999999715
-0.1999999999999993 0.039999999999999716
-0.1989999999999993 0.03960099999999972
-0.1979999999999993 0.03920399999999972
-0.1969999999999993 0.03880899999999972
-0.19599999999999929 0.03841599999999972
-0.19499999999999929 0.03802499999999972
-0.19399999999999928 0.037635999999999725
-0.19299999999999928 0.03724899999999973
-0.19199999999999928 0.03686399999999972
-0.19099999999999928 0.03648099999999973
-0.18999999999999928 0.03609999999999973
-0.18899999999999928 0.035720999999999725
-0.18799999999999928 0.03534399999999973
-0.18699999999999928 0.03496899999999973
-0.18599999999999928 0.03459599999999973
-0.18499999999999928 0.034224999999999735
-0.18399999999999928 0.033855999999999734
-0.18299999999999927 0.033488999999999734
-0.18199999999999927 0.03312399999999974
-0.18099999999999927 0.032760999999999735
-0.17999999999999927 0.032399999999999735
-0.17899999999999927 0.032040999999999736
-0.17799999999999927 0.03168399999999974
-0.17699999999999927 0.03132899999999974
-0.17599999999999927 0.030975999999999743
-0.17499999999999927 0.030624999999999743
-0.17399999999999927 0.030275999999999744
-0.17299999999999927 0.029928999999999747
-0.17199999999999926 0.029583999999999746
-0.17099999999999926 0.02924099999999975
-0.16999999999999926 0.02889999999999975
-0.16899999999999926 0.02856099999999975
-0.16799999999999926 0.028223999999999753
-0.16699999999999926 0.027888999999999754
-0.16599999999999926 0.027555999999999754
-0.16499999999999926 0.027224999999999756
-0.16399999999999926 0.026895999999999757
-0.16299999999999926 0.026568999999999756
-0.16199999999999926 0.02624399999999976
-0.16099999999999925 0.02592099999999976
-0.15999999999999925 0.025599999999999762
-0.15899999999999925 0.025280999999999762
-0.15799999999999925 0.024963999999999764
-0.15699999999999925 0.024648999999999765
-0.15599999999999925 0.024335999999999768
-0.15499999999999925 0.02402499999999977
-0.15399999999999925 0.02371599999999977
-0.15299999999999925 0.02340899999999977
-0.15199999999999925 0.02310399999999977
-0.15099999999999925 0.022800999999999773
-0.14999999999999925 0.022499999999999774
-0.14899999999999924 0.022200999999999776
-0.14799999999999924 0.021903999999999774
-0.14699999999999924 0.021608999999999778
-0.14599999999999924 0.02131599999999978
-0.14499999999999924 0.02102499999999978
-0.14399999999999924 0.020735999999999782
-0.14299999999999924 0.020448999999999783
-0.14199999999999924 0.020163999999999783
-0.14099999999999924 0.019880999999999784
-0.13999999999999924 0.019599999999999788
-0.13899999999999924 0.019320999999999786
-0.13799999999999923 0.01904399999999979
-0.13699999999999923 0.01876899999999979
-0.13599999999999923 0.01849599999999979
-0.13499999999999923 0.018224999999999793
-0.13399999999999923 0.017955999999999795
-0.13299999999999923 0.017688999999999795
-0.13199999999999923 0.017423999999999797
-0.13099999999999923 0.017160999999999798
-0.12999999999999923 0.0168999999999998
-0.12899999999999923 0.016640999999999802
-0.12799999999999923 0.0163839999999998
-0.12699999999999922 0.016128999999999803
-0.12599999999999922 0.015875999999999803
-0.12499999999999922 0.015624999999999806
-0.12399999999999922 0.015375999999999806
-0.12299999999999922 0.015128999999999808
-0.12199999999999922 0.01488399999999981
-0.12099999999999922 0.01464099999999981
-0.11999999999999922 0.014399999999999812
-0.11899999999999922 0.014160999999999814
-0.11799999999999922 0.013923999999999815
-0.11699999999999922 0.013688999999999816
-0.11599999999999921 0.013455999999999817
-0.11499999999999921 0.013224999999999818
-0.11399999999999921 0.01299599999999982
-0.11299999999999921 0.012768999999999822
-0.11199999999999921 0.012543999999999823
-0.11099999999999921 0.012320999999999825
-0.10999999999999921 0.012099999999999826
-0.10899999999999921 0.011880999999999827
-0.10799999999999921 0.011663999999999829
-0.1069999999999992 0.01144899999999983
-0.1059999999999992 0.011235999999999831
-0.1049999999999992 0.011024999999999834
-0.1039999999999992 0.010815999999999834
-0.1029999999999992 0.010608999999999836
-0.1019999999999992 0.010403999999999837
-0.1009999999999992 0.010200999999999839
-0.0999999999999992 0.00999999999999984
-0.0989999999999992 0.009800999999999841
-0.0979999999999992 0.009603999999999844
-0.0969999999999992 0.009408999999999845
-0.0959999999999992 0.009215999999999846
-0.0949999999999992 0.009024999999999847
-0.0939999999999992 0.00883599999999985
-0.0929999999999992 0.00864899999999985
-0.0919999999999992 0.008463999999999852
-0.09099999999999919 0.008280999999999853
-0.08999999999999919 0.008099999999999854
-0.08899999999999919 0.007920999999999855
-0.08799999999999919 0.007743999999999858
-0.08699999999999919 0.007568999999999859
-0.08599999999999919 0.00739599999999986
-0.08499999999999919 0.007224999999999862
-0.08399999999999919 0.007055999999999864
-0.08299999999999919 0.006888999999999865
-0.08199999999999918 0.006723999999999866
-0.08099999999999918 0.006560999999999868
-0.07999999999999918 0.006399999999999869
-0.07899999999999918 0.006240999999999871
-0.07799999999999918 0.0060839999999998725
-0.07699999999999918 0.005928999999999874
-0.07599999999999918 0.005775999999999875
-0.07499999999999918 0.005624999999999877
-0.07399999999999918 0.0054759999999998785
-0.07299999999999918 0.00532899999999988
-0.07199999999999918 0.005183999999999881
-0.07099999999999917 0.005040999999999883
-0.06999999999999917 0.0048999999999998845
-0.06899999999999917 0.004760999999999886
-0.06799999999999917 0.004623999999999888
-0.06699999999999917 0.004488999999999889
-0.06599999999999917 0.00435599999999989
-0.06499999999999917 0.004224999999999892
-0.06399999999999917 0.004095999999999894
-0.06299999999999917 0.003968999999999895
-0.06199999999999917 0.0038439999999998965
-0.060999999999999166 0.0037209999999998984
-0.059999999999999165 0.0035999999999998997
-0.058999999999999164 0.0034809999999999013
-0.05799999999999916 0.003363999999999903
-0.05699999999999916 0.0032489999999999043
-0.05599999999999916 0.0031359999999999062
-0.05499999999999916 0.0030249999999999075
-0.05399999999999916 0.002915999999999909
-0.05299999999999916 0.002808999999999911
-0.05199999999999916 0.0027039999999999126
-0.05099999999999916 0.002600999999999914
-0.049999999999999156 0.0024999999999999155
-0.048999999999999155 0.002400999999999917
-0.047999999999999154 0.002303999999999919
-0.046999999999999154 0.0022089999999999202
-0.04599999999999915 0.002115999999999922
-0.04499999999999915 0.0020249999999999236
-0.04399999999999915 0.0019359999999999252
-0.04299999999999915 0.0018489999999999269
-0.04199999999999915 0.0017639999999999286
-0.04099999999999915 0.0016809999999999302
-0.03999999999999915 0.0015999999999999318
-0.038999999999999146 0.0015209999999999334
-0.037999999999999146 0.0014439999999999351
-0.036999999999999145 0.0013689999999999367
-0.035999999999999144 0.0012959999999999383
-0.03499999999999914 0.00122499999999994
-0.03399999999999914 0.0011559999999999416
-0.03299999999999914 0.0010889999999999433
-0.03199999999999914 0.0010239999999999449
-0.03099999999999914 0.0009609999999999466
-0.02999999999999914 0.0008999999999999483
-0.028999999999999138 0.00084099999999995
-0.027999999999999137 0.0007839999999999516
-0.026999999999999136 0.0007289999999999533
-0.025999999999999135 0.0006759999999999551
-0.024999999999999134 0.0006249999999999568
-0.023999999999999133 0.0005759999999999584
-0.022999999999999132 0.0005289999999999601
-0.02199999999999913 0.0004839999999999618
-0.02099999999999913 0.0004409999999999635
-0.01999999999999913 0.00039999999999996516
-0.01899999999999913 0.00036099999999996687
-0.017999999999999128 0.00032399999999996863
-0.016999999999999127 0.0002889999999999703
-0.015999999999999126 0.000255999999999972
-0.014999999999999125 0.00022499999999997376
-0.013999999999999124 0.0001959999999999755
-0.012999999999999123 0.00016899999999997722
-0.011999999999999122 0.00014399999999997894
-0.010999999999999122 0.00012099999999998067
-0.00999999999999912 9.999999999998241e-05
-0.00899999999999912 8.099999999998416e-05
-0.007999999999999119 6.39999999999859e-05
-0.006999999999999119 4.8999999999987666e-05
-0.005999999999999119 3.599999999998943e-05
-0.004999999999999119 2.499999999999119e-05
-0.003999999999999119 1.5999999999992952e-05
-0.002999999999999119 8.999999999994713e-06
-0.001999999999999119 3.999999999996475e-06
-0.0009999999999991188 9.999999999982375e-07
8.81239525796218e-16 7.765831018255432e-31
0.0010000000000008813 1.0000000000017624e-06
0.0020000000000008813 4.000000000003525e-06
0.0030000000000008813 9.000000000005287e-06
0.004000000000000881 1.600000000000705e-05
0.005000000000000881 2.5000000000008814e-05
0.006000000000000881 3.600000000001058e-05
0.007000000000000881 4.900000000001234e-05
0.008000000000000881 6.40000000000141e-05
0.009000000000000882 8.100000000001589e-05
0.010000000000000883 0.00010000000000001766
0.011000000000000884 0.00012100000000001945
0.012000000000000885 0.00014400000000002123
0.013000000000000886 0.00016900000000002303
0.014000000000000887 0.00019600000000002482
0.015000000000000888 0.00022500000000002664
0.01600000000000089 0.00025600000000002845
0.01700000000000089 0.0002890000000000302
0.01800000000000089 0.00032400000000003205
0.01900000000000089 0.0003610000000000339
0.020000000000000892 0.0004000000000000357
0.021000000000000893 0.0004410000000000375
0.022000000000000894 0.0004840000000000393
0.023000000000000895 0.0005290000000000412
0.024000000000000896 0.000576000000000043
0.025000000000000897 0.0006250000000000448
0.026000000000000897 0.0006760000000000467
0.0270000000000009 0.0007290000000000485
0.0280000000000009 0.0007840000000000504
0.0290000000000009 0.0008410000000000522
0.0300000000000009 0.0009000000000000541
0.031000000000000902 0.0009610000000000559
0.0320000000000009 0.0010240000000000579
0.033000000000000904 0.0010890000000000595
0.034000000000000904 0.0011560000000000615
0.035000000000000905 0.0012250000000000633
0.036000000000000906 0.0012960000000000653
0.03700000000000091 0.0013690000000000672
0.03800000000000091 0.001444000000000069
0.03900000000000091 0.001521000000000071
0.04000000000000091 0.0016000000000000727
0.04100000000000091 0.0016810000000000746
0.04200000000000091 0.0017640000000000765
0.04300000000000091 0.0018490000000000784
0.04400000000000091 0.0019360000000000805
0.045000000000000914 0.0020250000000000823
0.046000000000000915 0.0021160000000000844
0.047000000000000916 0.002209000000000086
0.04800000000000092 0.002304000000000088
0.04900000000000092 0.00240100000000009
0.05000000000000092 0.002500000000000092
0.05100000000000092 0.0026010000000000937
0.05200000000000092 0.0027040000000000956
0.05300000000000092 0.002809000000000098
0.05400000000000092 0.0029160000000000995
0.05500000000000092 0.0030250000000001014
0.056000000000000924 0.0031360000000001035
0.057000000000000925 0.0032490000000001055
0.058000000000000926 0.0033640000000001074
0.05900000000000093 0.0034810000000001094
0.06000000000000093 0.0036000000000001114
0.06100000000000093 0.003721000000000113
0.06200000000000093 0.003844000000000115
0.06300000000000093 0.003969000000000117
0.06400000000000093 0.0040960000000001195
0.06500000000000093 0.004225000000000121
0.06600000000000093 0.004356000000000123
0.06700000000000093 0.004489000000000125
0.06800000000000093 0.004624000000000127
0.06900000000000094 0.004761000000000129
0.07000000000000094 0.004900000000000131
0.07100000000000094 0.005041000000000133
0.07200000000000094 0.005184000000000135
0.07300000000000094 0.0053290000000001374
0.07400000000000094 0.005476000000000139
0.07500000000000094 0.005625000000000141
0.07600000000000094 0.005776000000000143
0.07700000000000094 0.005929000000000145
0.07800000000000094 0.0060840000000001474
0.07900000000000094 0.006241000000000149
0.08000000000000095 0.006400000000000151
0.08100000000000095 0.0065610000000001535
0.08200000000000095 0.006724000000000155
0.08300000000000095 0.006889000000000157
0.08400000000000095 0.007056000000000159
0.08500000000000095 0.007225000000000162
0.08600000000000095 0.007396000000000164
0.08700000000000095 0.007569000000000166
0.08800000000000095 0.007744000000000167
0.08900000000000095 0.00792100000000017
0.09000000000000095 0.008100000000000171
0.09100000000000096 0.008281000000000174
0.09200000000000096 0.008464000000000176
0.09300000000000096 0.008649000000000177
0.09400000000000096 0.00883600000000018
0.09500000000000096 0.009025000000000182
0.09600000000000096 0.009216000000000184
0.09700000000000096 0.009409000000000186
0.09800000000000096 0.009604000000000189
0.09900000000000096 0.00980100000000019
0.10000000000000096 0.010000000000000193
0.10100000000000096 0.010201000000000194
0.10200000000000096 0.010404000000000196
0.10300000000000097 0.010609000000000198
0.10400000000000097 0.0108160000000002
0.10500000000000097 0.011025000000000203
0.10600000000000097 0.011236000000000206
0.10700000000000097 0.011449000000000207
0.10800000000000097 0.011664000000000209
0.10900000000000097 0.01188100000000021
0.11000000000000097 0.012100000000000213
0.11100000000000097 0.012321000000000215
0.11200000000000097 0.012544000000000218
0.11300000000000097 0.01276900000000022
0.11400000000000098 0.012996000000000223
0.11500000000000098 0.013225000000000224
0.11600000000000098 0.013456000000000226
0.11700000000000098 0.013689000000000229
0.11800000000000098 0.013924000000000231
0.11900000000000098 0.014161000000000232
0.12000000000000098 0.014400000000000236
0.12100000000000098 0.014641000000000237
0.12200000000000098 0.014884000000000239
0.12300000000000098 0.015129000000000241
0.12400000000000098 0.015376000000000244
0.12500000000000097 0.015625000000000243
0.12600000000000097 0.015876000000000244
0.12700000000000097 0.016129000000000247
0.12800000000000097 0.01638400000000025
0.12900000000000097 0.016641000000000253
0.13000000000000098 0.016900000000000255
0.13100000000000098 0.017161000000000256
0.13200000000000098 0.01742400000000026
0.13300000000000098 0.01768900000000026
0.13400000000000098 0.017956000000000263
0.13500000000000098 0.018225000000000265
0.13600000000000098 0.018496000000000266
0.13700000000000098 0.018769000000000268
0.13800000000000098 0.019044000000000273
0.13900000000000098 0.019321000000000272
0.14000000000000098 0.019600000000000277
0.14100000000000099 0.019881000000000277
0.142000000000001 0.02016400000000028
0.143000000000001 0.020449000000000283
0.144000000000001 0.020736000000000285
0.145000000000001 0.021025000000000287
0.146000000000001 0.02131600000000029
0.147000000000001 0.02160900000000029
0.148000000000001 0.021904000000000295
0.149000000000001 0.022201000000000297
0.150000000000001 0.022500000000000298
0.151000000000001 0.0228010000000003
0.152000000000001 0.0231040000000003
0.153000000000001 0.023409000000000305
0.154000000000001 0.023716000000000306
0.155000000000001 0.02402500000000031
0.156000000000001 0.024336000000000312
0.157000000000001 0.024649000000000313
0.158000000000001 0.024964000000000316
0.159000000000001 0.025281000000000317
0.160000000000001 0.02560000000000032
0.161000000000001 0.025921000000000322
0.162000000000001 0.026244000000000326
0.163000000000001 0.02656900000000033
0.164000000000001 0.02689600000000033
0.165000000000001 0.027225000000000332
0.166000000000001 0.027556000000000334
0.167000000000001 0.027889000000000337
0.168000000000001 0.02822400000000034
0.169000000000001 0.028561000000000343
0.170000000000001 0.028900000000000346
0.171000000000001 0.029241000000000347
0.172000000000001 0.02958400000000035
0.17300000000000101 0.02992900000000035
0.17400000000000101 0.030276000000000355
0.17500000000000102 0.030625000000000357
0.17600000000000102 0.030976000000000357
0.17700000000000102 0.031329000000000364
0.17800000000000102 0.031684000000000365
0.17900000000000102 0.03204100000000037
0.18000000000000102 0.032400000000000366
0.18100000000000102 0.032761000000000366
0.18200000000000102 0.033124000000000375
0.18300000000000102 0.03348900000000037
0.18400000000000102 0.03385600000000038
0.18500000000000102 0.03422500000000038
0.18600000000000103 0.03459600000000038
0.18700000000000103 0.03496900000000038
0.18800000000000103 0.03534400000000039
0.18900000000000103 0.03572100000000039
0.19000000000000103 0.03610000000000039
0.19100000000000103 0.036481000000000395
0.19200000000000103 0.036864000000000396
0.19300000000000103 0.0372490000000004
0.19400000000000103 0.0376360000000004
0.19500000000000103 0.038025000000000406
0.19600000000000103 0.03841600000000041
0.19700000000000104 0.038809000000000406
0.19800000000000104 0.03920400000000041
0.19900000000000104 0.039601000000000414
0.20000000000000104 0.04000000000000042
0.20100000000000104 0.040401000000000416
0.20200000000000104 0.04080400000000042
0.20300000000000104 0.041209000000000426
0.20400000000000104 0.041616000000000423
0.20500000000000104 0.04202500000000043
0.20600000000000104 0.04243600000000043
0.20700000000000104 0.042849000000000435
0.20800000000000105 0.043264000000000434
0.20900000000000105 0.043681000000000435
0.21000000000000105 0.04410000000000044
0.21100000000000105 0.04452100000000044
0.21200000000000105 0.04494400000000044
0.21300000000000105 0.045369000000000444
0.21400000000000105 0.04579600000000045
0.21500000000000105 0.04622500000000045
0.21600000000000105 0.046656000000000454
0.21700000000000105 0.04708900000000046
0.21800000000000105 0.04752400000000046
0.21900000000000105 0.04796100000000046
0.22000000000000106 0.048400000000000463
0.22100000000000106 0.04884100000000047
0.22200000000000106 0.049284000000000466
0.22300000000000106 0.049729000000000474
0.22400000000000106 0.05017600000000048
0.22500000000000106 0.050625000000000475
0.22600000000000106 0.05107600000000048
0.22700000000000106 0.051529000000000484
0.22800000000000106 0.05198400000000049
0.22900000000000106 0.05244100000000049
0.23000000000000106 0.05290000000000049
0.23100000000000107 0.05336100000000049
0.23200000000000107 0.053824000000000496
0.23300000000000107 0.0542890000000005
0.23400000000000107 0.0547560000000005
0.23500000000000107 0.0552250000000005
0.23600000000000107 0.0556960000000005
0.23700000000000107 0.05616900000000051
0.23800000000000107 0.05664400000000051
0.23900000000000107 0.05712100000000051
0.24000000000000107 0.05760000000000051
0.24100000000000107 0.05808100000000052
0.24200000000000108 0.05856400000000052
0.24300000000000108 0.059049000000000525
0.24400000000000108 0.059536000000000526
0.24500000000000108 0.06002500000000053
0.24600000000000108 0.06051600000000053
0.24700000000000108 0.061009000000000535
0.24800000000000108 0.06150400000000054
0.24900000000000108 0.06200100000000054
0.25000000000000105 0.06250000000000053
0.25100000000000106 0.06300100000000053
0.25200000000000106 0.06350400000000053
0.25300000000000106 0.06400900000000054
0.25400000000000106 0.06451600000000053
0.25500000000000106 0.06502500000000054
0.25600000000000106 0.06553600000000054
0.25700000000000106 0.06604900000000055
0.25800000000000106 0.06656400000000055
0.25900000000000106 0.06708100000000056
0.26000000000000106 0.06760000000000055
0.26100000000000106 0.06812100000000056
0.26200000000000107 0.06864400000000055
0.26300000000000107 0.06916900000000056
0.26400000000000107 0.06969600000000056
0.26500000000000107 0.07022500000000056
0.26600000000000107 0.07075600000000057
0.26700000000000107 0.07128900000000057
0.26800000000000107 0.07182400000000057
0.26900000000000107 0.07236100000000058
0.2700000000000011 0.07290000000000058
0.2710000000000011 0.07344100000000058
0.2720000000000011 0.07398400000000059
0.2730000000000011 0.07452900000000058
0.2740000000000011 0.07507600000000059
0.2750000000000011 0.0756250000000006
0.2760000000000011 0.07617600000000059
0.2770000000000011 0.0767290000000006
0.2780000000000011 0.0772840000000006
0.2790000000000011 0.0778410000000006
0.2800000000000011 0.07840000000000061
0.2810000000000011 0.07896100000000061
0.2820000000000011 0.07952400000000061
0.2830000000000011 0.08008900000000062
0.2840000000000011 0.08065600000000062
0.2850000000000011 0.08122500000000062
0.2860000000000011 0.08179600000000062
0.2870000000000011 0.08236900000000062
0.2880000000000011 0.08294400000000063
0.2890000000000011 0.08352100000000064
0.2900000000000011 0.08410000000000063
0.2910000000000011 0.08468100000000063
0.2920000000000011 0.08526400000000063
0.2930000000000011 0.08584900000000065
0.2940000000000011 0.08643600000000064
0.2950000000000011 0.08702500000000064
0.2960000000000011 0.08761600000000065
0.2970000000000011 0.08820900000000065
0.2980000000000011 0.08880400000000066
0.2990000000000011 0.08940100000000066
0.3000000000000011 0.09000000000000066
0.3010000000000011 0.09060100000000067
0.3020000000000011 0.09120400000000066
0.3030000000000011 0.09180900000000067
0.3040000000000011 0.09241600000000066
0.3050000000000011 0.09302500000000068
0.3060000000000011 0.09363600000000068
0.3070000000000011 0.09424900000000068
0.3080000000000011 0.09486400000000068
0.3090000000000011 0.09548100000000069
0.3100000000000011 0.09610000000000068
0.3110000000000011 0.0967210000000007
0.3120000000000011 0.0973440000000007
0.3130000000000011 0.0979690000000007
0.3140000000000011 0.0985960000000007
0.3150000000000011 0.0992250000000007
0.3160000000000011 0.09985600000000071
0.3170000000000011 0.1004890000000007
0.3180000000000011 0.10112400000000071
0.3190000000000011 0.10176100000000071
0.3200000000000011 0.10240000000000071
0.3210000000000011 0.10304100000000072
0.3220000000000011 0.10368400000000072
0.3230000000000011 0.10432900000000073
0.3240000000000011 0.10497600000000072
0.3250000000000011 0.10562500000000073
0.3260000000000011 0.10627600000000073
0.3270000000000011 0.10692900000000073
0.3280000000000011 0.10758400000000073
0.3290000000000011 0.10824100000000074
0.3300000000000011 0.10890000000000075
0.3310000000000011 0.10956100000000074
0.3320000000000011 0.11022400000000075
0.33300000000000113 0.11088900000000075
0.33400000000000113 0.11155600000000075
0.33500000000000113 0.11222500000000075
0.33600000000000113 0.11289600000000076
0.33700000000000113 0.11356900000000077
0.33800000000000113 0.11424400000000076
0.33900000000000113 0.11492100000000077
0.34000000000000113 0.11560000000000077
0.34100000000000114 0.11628100000000077
0.34200000000000114 0.11696400000000078
0.34300000000000114 0.11764900000000078
0.34400000000000114 0.11833600000000079
0.34500000000000114 0.11902500000000078
0.34600000000000114 0.1197160000000008
0.34700000000000114 0.1204090000000008
0.34800000000000114 0.1211040000000008
0.34900000000000114 0.1218010000000008
0.35000000000000114 0.1225000000000008
0.35100000000000114 0.12320100000000081
0.35200000000000115 0.1239040000000008
0.35300000000000115 0.1246090000000008
0.35400000000000115 0.12531600000000082
0.35500000000000115 0.1260250000000008
0.35600000000000115 0.12673600000000082
0.35700000000000115 0.1274490000000008
0.35800000000000115 0.12816400000000083
0.35900000000000115 0.12888100000000083
0.36000000000000115 0.12960000000000083
0.36100000000000115 0.13032100000000083
0.36200000000000115 0.13104400000000083
0.36300000000000116 0.13176900000000083
0.36400000000000116 0.13249600000000084
0.36500000000000116 0.13322500000000084
0.36600000000000116 0.13395600000000085
0.36700000000000116 0.13468900000000086
0.36800000000000116 0.13542400000000085
0.36900000000000116 0.13616100000000086
0.37000000000000116 0.13690000000000085
0.37100000000000116 0.13764100000000087
0.37200000000000116 0.13838400000000087
0.37300000000000116 0.13912900000000086
0.37400000000000116 0.13987600000000086
0.37500000000000117 0.1406250000000009
0.37600000000000117 0.1413760000000009
0.37700000000000117 0.1421290000000009
0.37800000000000117 0.14288400000000087
0.37900000000000117 0.14364100000000088
0.38000000000000117 0.1444000000000009
0.38100000000000117 0.1451610000000009
0.38200000000000117 0.1459240000000009
0.3830000000000012 0.1466890000000009
0.3840000000000012 0.1474560000000009
0.3850000000000012 0.1482250000000009
0.3860000000000012 0.1489960000000009
0.3870000000000012 0.1497690000000009
0.3880000000000012 0.15054400000000093
0.3890000000000012 0.15132100000000093
0.3900000000000012 0.15210000000000093
0.3910000000000012 0.15288100000000093
0.3920000000000012 0.15366400000000094
0.3930000000000012 0.15444900000000092
0.3940000000000012 0.15523600000000093
0.3950000000000012 0.15602500000000094
0.3960000000000012 0.15681600000000093
0.3970000000000012 0.15760900000000094
0.3980000000000012 0.15840400000000093
0.3990000000000012 0.15920100000000095
0.4000000000000012 0.16000000000000095
0.4010000000000012 0.16080100000000094
0.4020000000000012 0.16160400000000097
0.4030000000000012 0.16240900000000097
0.4040000000000012 0.16321600000000097
0.4050000000000012 0.16402500000000098
0.4060000000000012 0.16483600000000098
0.4070000000000012 0.16564900000000096
0.4080000000000012 0.16646400000000097
0.4090000000000012 0.16728100000000098
0.4100000000000012 0.16810000000000097
0.4110000000000012 0.168921000000001
0.4120000000000012 0.16974400000000098
0.4130000000000012 0.170569000000001
0.4140000000000012 0.171396000000001
0.4150000000000012 0.172225000000001
0.4160000000000012 0.173056000000001
0.4170000000000012 0.17388900000000101
0.4180000000000012 0.17472400000000102
0.4190000000000012 0.17556100000000102
0.4200000000000012 0.176400000000001
0.4210000000000012 0.177241000000001
0.4220000000000012 0.17808400000000102
0.4230000000000012 0.17892900000000103
0.4240000000000012 0.17977600000000102
0.4250000000000012 0.18062500000000103
0.4260000000000012 0.18147600000000103
0.4270000000000012 0.18232900000000105
0.4280000000000012 0.18318400000000104
0.4290000000000012 0.18404100000000104
0.4300000000000012 0.18490000000000104
0.4310000000000012 0.18576100000000104
0.4320000000000012 0.18662400000000104
0.4330000000000012 0.18748900000000104
0.4340000000000012 0.18835600000000105
0.4350000000000012 0.18922500000000106
0.4360000000000012 0.19009600000000107
0.4370000000000012 0.19096900000000105
0.4380000000000012 0.19184400000000107
0.4390000000000012 0.19272100000000109
0.4400000000000012 0.19360000000000108
0.4410000000000012 0.19448100000000107
0.4420000000000012 0.1953640000000011
0.4430000000000012 0.1962490000000011
0.4440000000000012 0.1971360000000011
0.44500000000000123 0.1980250000000011
0.44600000000000123 0.1989160000000011
0.44700000000000123 0.1998090000000011
0.44800000000000123 0.2007040000000011
0.44900000000000123 0.2016010000000011
0.45000000000000123 0.2025000000000011
0.45100000000000123 0.2034010000000011
0.45200000000000123 0.20430400000000112
0.45300000000000124 0.2052090000000011
0.45400000000000124 0.20611600000000113
0.45500000000000124 0.20702500000000112
0.45600000000000124 0.20793600000000112
0.45700000000000124 0.20884900000000114
0.45800000000000124 0.20976400000000114
0.45900000000000124 0.21068100000000115
0.46000000000000124 0.21160000000000115
0.46100000000000124 0.21252100000000115
0.46200000000000124 0.21344400000000116
0.46300000000000124 0.21436900000000114
0.46400000000000124 0.21529600000000115
0.46500000000000125 0.21622500000000117
0.46600000000000125 0.21715600000000115
0.46700000000000125 0.21808900000000117
0.46800000000000125 0.21902400000000116
0.46900000000000125 0.21996100000000118
0.47000000000000125 0.22090000000000118
0.47100000000000125 0.22184100000000118
0.47200000000000125 0.22278400000000118
0.47300000000000125 0.22372900000000118
0.47400000000000125 0.22467600000000118
0.47500000000000125 0.22562500000000119
0.47600000000000126 0.2265760000000012
0.47700000000000126 0.2275290000000012
0.47800000000000126 0.22848400000000121
0.47900000000000126 0.2294410000000012
0.48000000000000126 0.23040000000000121
0.48100000000000126 0.2313610000000012
0.48200000000000126 0.23232400000000122
0.48300000000000126 0.23328900000000122
0.48400000000000126 0.2342560000000012
0.48500000000000126 0.23522500000000124
0.48600000000000126 0.23619600000000124
0.48700000000000127 0.23716900000000124
0.48800000000000127 0.23814400000000124
0.48900000000000127 0.23912100000000125
0.49000000000000127 0.24010000000000123
0.49100000000000127 0.24108100000000124
0.49200000000000127 0.24206400000000125
0.49300000000000127 0.24304900000000126
0.49400000000000127 0.24403600000000125
0.4950000000000013 0.24502500000000127
0.4960000000000013 0.24601600000000126
0.4970000000000013 0.24700900000000126
0.4980000000000013 0.24800400000000128
0.4990000000000013 0.24900100000000128
0.5000000000000012 0.2500000000000012
0.5010000000000012 0.25100100000000125
0.5020000000000012 0.2520040000000012
0.5030000000000012 0.2530090000000012
0.5040000000000012 0.25401600000000124
0.5050000000000012 0.2550250000000012
0.5060000000000012 0.25603600000000126
0.5070000000000012 0.25704900000000125
0.5080000000000012 0.25806400000000124
0.5090000000000012 0.2590810000000012
0.5100000000000012 0.2601000000000013
0.5110000000000012 0.26112100000000127
0.5120000000000012 0.26214400000000126
0.5130000000000012 0.26316900000000126
0.5140000000000012 0.26419600000000126
0.5150000000000012 0.26522500000000127
0.5160000000000012 0.26625600000000127
0.5170000000000012 0.2672890000000013
0.5180000000000012 0.2683240000000013
0.5190000000000012 0.2693610000000013
0.5200000000000012 0.2704000000000013
0.5210000000000012 0.27144100000000126
0.5220000000000012 0.2724840000000013
0.5230000000000012 0.2735290000000013
0.5240000000000012 0.2745760000000013
0.5250000000000012 0.2756250000000013
0.5260000000000012 0.2766760000000013
0.5270000000000012 0.27772900000000134
0.5280000000000012 0.2787840000000013
0.5290000000000012 0.27984100000000134
0.5300000000000012 0.2809000000000013
0.5310000000000012 0.28196100000000135
0.5320000000000012 0.28302400000000133
0.5330000000000013 0.2840890000000013
0.5340000000000013 0.28515600000000135
0.5350000000000013 0.28622500000000134
0.5360000000000013 0.28729600000000133
0.5370000000000013 0.2883690000000014
0.5380000000000013 0.28944400000000137
0.5390000000000013 0.29052100000000136
0.5400000000000013 0.29160000000000136
0.5410000000000013 0.29268100000000136
0.5420000000000013 0.29376400000000136
0.5430000000000013 0.29484900000000136
0.5440000000000013 0.29593600000000136
0.5450000000000013 0.29702500000000137
0.5460000000000013 0.2981160000000014
0.5470000000000013 0.2992090000000014
0.5480000000000013 0.3003040000000014
0.5490000000000013 0.30140100000000136
0.5500000000000013 0.3025000000000014
0.5510000000000013 0.3036010000000014
0.5520000000000013 0.3047040000000014
0.5530000000000013 0.3058090000000014
0.5540000000000013 0.3069160000000014
0.5550000000000013 0.30802500000000144
0.5560000000000013 0.3091360000000014
0.5570000000000013 0.31024900000000144
0.5580000000000013 0.3113640000000014
0.5590000000000013 0.3124810000000014
0.5600000000000013 0.31360000000000143
0.5610000000000013 0.3147210000000014
0.5620000000000013 0.31584400000000146
0.5630000000000013 0.31696900000000144
0.5640000000000013 0.31809600000000143
0.5650000000000013 0.3192250000000014
0.5660000000000013 0.3203560000000015
0.5670000000000013 0.32148900000000147
0.5680000000000013 0.32262400000000147
0.5690000000000013 0.32376100000000146
0.5700000000000013 0.32490000000000147
0.5710000000000013 0.32604100000000147
0.5720000000000013 0.3271840000000015
0.5730000000000013 0.3283290000000015
0.5740000000000013 0.3294760000000015
0.5750000000000013 0.3306250000000015
0.5760000000000013 0.33177600000000146
0.5770000000000013 0.3329290000000015
0.5780000000000013 0.3340840000000015
0.5790000000000013 0.3352410000000015
0.5800000000000013 0.3364000000000015
0.5810000000000013 0.3375610000000015
0.5820000000000013 0.3387240000000015
0.5830000000000013 0.3398890000000015
0.5840000000000013 0.3410560000000015
0.5850000000000013 0.3422250000000015
0.5860000000000013 0.34339600000000153
0.5870000000000013 0.3445690000000015
0.5880000000000013 0.34574400000000155
0.5890000000000013 0.34692100000000153
0.5900000000000013 0.3481000000000015
0.5910000000000013 0.34928100000000156
0.5920000000000013 0.35046400000000155
0.5930000000000013 0.35164900000000154
0.5940000000000013 0.35283600000000154
0.5950000000000013 0.35402500000000153
0.5960000000000013 0.35521600000000153
0.5970000000000013 0.3564090000000016
0.5980000000000013 0.3576040000000016
0.5990000000000013 0.3588010000000016
0.6000000000000013 0.3600000000000016
0.6010000000000013 0.36120100000000155
0.6020000000000013 0.36240400000000156
0.6030000000000013 0.36360900000000157
0.6040000000000013 0.3648160000000016
0.6050000000000013 0.3660250000000016
0.6060000000000013 0.3672360000000016
0.6070000000000013 0.3684490000000016
0.6080000000000013 0.3696640000000016
0.6090000000000013 0.3708810000000016
0.6100000000000013 0.3721000000000016
0.6110000000000013 0.3733210000000016
0.6120000000000013 0.3745440000000016
0.6130000000000013 0.37576900000000163
0.6140000000000013 0.3769960000000016
0.6150000000000013 0.37822500000000164
0.6160000000000013 0.3794560000000016
0.6170000000000013 0.3806890000000016
0.6180000000000013 0.38192400000000165
0.6190000000000013 0.38316100000000164
0.6200000000000013 0.38440000000000163
0.6210000000000013 0.3856410000000017
0.6220000000000013 0.38688400000000167
0.6230000000000013 0.38812900000000167
0.6240000000000013 0.38937600000000167
0.6250000000000013 0.39062500000000167
0.6260000000000013 0.39187600000000167
0.6270000000000013 0.39312900000000167
0.6280000000000013 0.3943840000000017
0.6290000000000013 0.3956410000000017
0.6300000000000013 0.3969000000000017
0.6310000000000013 0.3981610000000017
0.6320000000000013 0.39942400000000167
0.6330000000000013 0.4006890000000017
0.6340000000000013 0.4019560000000017
0.6350000000000013 0.4032250000000017
0.6360000000000013 0.4044960000000017
0.6370000000000013 0.4057690000000017
0.6380000000000013 0.40704400000000174
0.6390000000000013 0.4083210000000017
0.6400000000000013 0.40960000000000174
0.6410000000000013 0.4108810000000017
0.6420000000000013 0.41216400000000175
0.6430000000000013 0.41344900000000173
0.6440000000000013 0.4147360000000017
0.6450000000000014 0.41602500000000175
0.6460000000000014 0.41731600000000174
0.6470000000000014 0.41860900000000173
0.6480000000000014 0.4199040000000018
0.6490000000000014 0.42120100000000177
0.6500000000000014 0.42250000000000176
0.6510000000000014 0.42380100000000176
0.6520000000000014 0.42510400000000176
0.6530000000000014 0.42640900000000176
0.6540000000000014 0.42771600000000176
0.6550000000000014 0.42902500000000177
0.6560000000000014 0.4303360000000018
0.6570000000000014 0.4316490000000018
0.6580000000000014 0.4329640000000018
0.6590000000000014 0.4342810000000018
0.6600000000000014 0.4356000000000018
0.6610000000000014 0.4369210000000018
0.6620000000000014 0.4382440000000018
0.6630000000000014 0.4395690000000018
0.6640000000000014 0.44089600000000184
0.6650000000000014 0.4422250000000018
0.6660000000000014 0.44355600000000184
0.6670000000000014 0.4448890000000018
0.6680000000000014 0.44622400000000184
0.6690000000000014 0.4475610000000018
0.6700000000000014 0.44890000000000185
0.6710000000000014 0.45024100000000183
0.6720000000000014 0.4515840000000019
0.6730000000000014 0.45292900000000186
0.6740000000000014 0.45427600000000184
0.6750000000000014 0.45562500000000183
0.6760000000000014 0.4569760000000019
0.6770000000000014 0.4583290000000019
0.6780000000000014 0.45968400000000187
0.6790000000000014 0.46104100000000187
0.6800000000000014 0.46240000000000187
0.6810000000000014 0.46376100000000187
0.6820000000000014 0.46512400000000187
0.6830000000000014 0.4664890000000019
0.6840000000000014 0.4678560000000019
0.6850000000000014 0.4692250000000019
0.6860000000000014 0.4705960000000019
0.6870000000000014 0.4719690000000019
0.6880000000000014 0.47334400000000193
0.6890000000000014 0.4747210000000019
0.6900000000000014 0.4761000000000019
0.6910000000000014 0.47748100000000193
0.6920000000000014 0.4788640000000019
0.6930000000000014 0.4802490000000019
0.6940000000000014 0.48163600000000195
0.6950000000000014 0.4830250000000019
0.6960000000000014 0.48441600000000196
0.6970000000000014 0.48580900000000193
0.6980000000000014 0.48720400000000197
0.6990000000000014 0.48860100000000195
0.7000000000000014 0.49000000000000193
0.7010000000000014 0.491401000000002
0.7020000000000014 0.49280400000000196
0.7030000000000014 0.49420900000000195
0.7040000000000014 0.495616000000002
0.7050000000000014 0.497025000000002
0.7060000000000014 0.498436000000002
0.7070000000000014 0.499849000000002
0.7080000000000014 0.501264000000002
0.7090000000000014 0.502681000000002
0.7100000000000014 0.504100000000002
0.7110000000000014 0.505521000000002
0.7120000000000014 0.5069440000000021
0.7130000000000014 0.508369000000002
0.7140000000000014 0.509796000000002
0.7150000000000014 0.511225000000002
0.7160000000000014 0.512656000000002
0.7170000000000014 0.514089000000002
0.7180000000000014 0.515524000000002
0.7190000000000014 0.516961000000002
0.7200000000000014 0.5184000000000021
0.7210000000000014 0.519841000000002
0.7220000000000014 0.5212840000000021
0.7230000000000014 0.522729000000002
0.7240000000000014 0.5241760000000021
0.7250000000000014 0.525625000000002
0.7260000000000014 0.5270760000000021
0.7270000000000014 0.528529000000002
0.7280000000000014 0.5299840000000021
0.7290000000000014 0.531441000000002
0.7300000000000014 0.532900000000002
0.7310000000000014 0.5343610000000021
0.7320000000000014 0.5358240000000021
0.7330000000000014 0.5372890000000021
0.7340000000000014 0.5387560000000021
0.7350000000000014 0.5402250000000021
0.7360000000000014 0.5416960000000021
0.7370000000000014 0.5431690000000021
0.7380000000000014 0.5446440000000021
0.7390000000000014 0.5461210000000021
0.7400000000000014 0.5476000000000021
0.7410000000000014 0.5490810000000022
0.7420000000000014 0.5505640000000022
0.7430000000000014 0.5520490000000021
0.7440000000000014 0.5535360000000021
0.7450000000000014 0.5550250000000021
0.7460000000000014 0.5565160000000021
0.7470000000000014 0.5580090000000022
0.7480000000000014 0.5595040000000021
0.7490000000000014 0.5610010000000022
0.7500000000000014 0.5625000000000022
0.7510000000000014 0.5640010000000022
0.7520000000000014 0.5655040000000022
0.7530000000000014 0.5670090000000022
0.7540000000000014 0.5685160000000021
0.7550000000000014 0.5700250000000022
0.7560000000000014 0.5715360000000022
0.7570000000000014 0.5730490000000021
0.7580000000000015 0.5745640000000022
0.7590000000000015 0.5760810000000022
0.7600000000000015 0.5776000000000022
0.7610000000000015 0.5791210000000022
0.7620000000000015 0.5806440000000023
0.7630000000000015 0.5821690000000023
0.7640000000000015 0.5836960000000022
0.7650000000000015 0.5852250000000022
0.7660000000000015 0.5867560000000023
0.7670000000000015 0.5882890000000023
0.7680000000000015 0.5898240000000022
0.7690000000000015 0.5913610000000022
0.7700000000000015 0.5929000000000022
0.7710000000000015 0.5944410000000022
0.7720000000000015 0.5959840000000023
0.7730000000000015 0.5975290000000023
0.7740000000000015 0.5990760000000023
0.7750000000000015 0.6006250000000023
0.7760000000000015 0.6021760000000023
0.7770000000000015 0.6037290000000023
0.7780000000000015 0.6052840000000023
0.7790000000000015 0.6068410000000023
0.7800000000000015 0.6084000000000023
0.7810000000000015 0.6099610000000023
0.7820000000000015 0.6115240000000023
0.7830000000000015 0.6130890000000023
0.7840000000000015 0.6146560000000023
0.7850000000000015 0.6162250000000024
0.7860000000000015 0.6177960000000023
0.7870000000000015 0.6193690000000023
0.7880000000000015 0.6209440000000024
0.7890000000000015 0.6225210000000023
0.7900000000000015 0.6241000000000023
0.7910000000000015 0.6256810000000024
0.7920000000000015 0.6272640000000024
0.7930000000000015 0.6288490000000023
0.7940000000000015 0.6304360000000023
0.7950000000000015 0.6320250000000024
0.7960000000000015 0.6336160000000024
0.7970000000000015 0.6352090000000024
0.7980000000000015 0.6368040000000024
0.7990000000000015 0.6384010000000023
0.8000000000000015 0.6400000000000023
0.8010000000000015 0.6416010000000024
0.8020000000000015 0.6432040000000024
0.8030000000000015 0.6448090000000024
0.8040000000000015 0.6464160000000024
0.8050000000000015 0.6480250000000024
0.8060000000000015 0.6496360000000024
0.8070000000000015 0.6512490000000024
0.8080000000000015 0.6528640000000024
0.8090000000000015 0.6544810000000024
0.8100000000000015 0.6561000000000025
0.8110000000000015 0.6577210000000024
0.8120000000000015 0.6593440000000025
0.8130000000000015 0.6609690000000025
0.8140000000000015 0.6625960000000024
0.8150000000000015 0.6642250000000024
0.8160000000000015 0.6658560000000024
0.8170000000000015 0.6674890000000024
0.8180000000000015 0.6691240000000025
0.8190000000000015 0.6707610000000025
0.8200000000000015 0.6724000000000024
0.8210000000000015 0.6740410000000024
0.8220000000000015 0.6756840000000025
0.8230000000000015 0.6773290000000025
0.8240000000000015 0.6789760000000025
0.8250000000000015 0.6806250000000025
0.8260000000000015 0.6822760000000025
0.8270000000000015 0.6839290000000025
0.8280000000000015 0.6855840000000025
0.8290000000000015 0.6872410000000025
0.8300000000000015 0.6889000000000025
0.8310000000000015 0.6905610000000025
0.8320000000000015 0.6922240000000025
0.8330000000000015 0.6938890000000025
0.8340000000000015 0.6955560000000025
0.8350000000000015 0.6972250000000025
0.8360000000000015 0.6988960000000025
0.8370000000000015 0.7005690000000026
0.8380000000000015 0.7022440000000025
0.8390000000000015 0.7039210000000026
0.8400000000000015 0.7056000000000026
0.8410000000000015 0.7072810000000026
0.8420000000000015 0.7089640000000026
0.8430000000000015 0.7106490000000025
0.8440000000000015 0.7123360000000025
0.8450000000000015 0.7140250000000026
0.8460000000000015 0.7157160000000026
0.8470000000000015 0.7174090000000026
0.8480000000000015 0.7191040000000026
0.8490000000000015 0.7208010000000026
0.8500000000000015 0.7225000000000026
0.8510000000000015 0.7242010000000026
0.8520000000000015 0.7259040000000027
0.8530000000000015 0.7276090000000026
0.8540000000000015 0.7293160000000026
0.8550000000000015 0.7310250000000026
0.8560000000000015 0.7327360000000026
0.8570000000000015 0.7344490000000027
0.8580000000000015 0.7361640000000026
0.8590000000000015 0.7378810000000027
0.8600000000000015 0.7396000000000027
0.8610000000000015 0.7413210000000027
0.8620000000000015 0.7430440000000027
0.8630000000000015 0.7447690000000027
0.8640000000000015 0.7464960000000027
0.8650000000000015 0.7482250000000027
0.8660000000000015 0.7499560000000027
0.8670000000000015 0.7516890000000027
0.8680000000000015 0.7534240000000026
0.8690000000000015 0.7551610000000027
0.8700000000000015 0.7569000000000027
0.8710000000000016 0.7586410000000027
0.8720000000000016 0.7603840000000027
0.8730000000000016 0.7621290000000027
0.8740000000000016 0.7638760000000027
0.8750000000000016 0.7656250000000028
0.8760000000000016 0.7673760000000027
0.8770000000000016 0.7691290000000027
0.8780000000000016 0.7708840000000028
0.8790000000000016 0.7726410000000027
0.8800000000000016 0.7744000000000028
0.8810000000000016 0.7761610000000028
0.8820000000000016 0.7779240000000027
0.8830000000000016 0.7796890000000027
0.8840000000000016 0.7814560000000028
0.8850000000000016 0.7832250000000027
0.8860000000000016 0.7849960000000028
0.8870000000000016 0.7867690000000028
0.8880000000000016 0.7885440000000028
0.8890000000000016 0.7903210000000028
0.8900000000000016 0.7921000000000028
0.8910000000000016 0.7938810000000028
0.8920000000000016 0.7956640000000028
0.8930000000000016 0.7974490000000029
0.8940000000000016 0.7992360000000028
0.8950000000000016 0.8010250000000028
0.8960000000000016 0.8028160000000029
0.8970000000000016 0.8046090000000028
0.8980000000000016 0.8064040000000028
0.8990000000000016 0.8082010000000028
0.9000000000000016 0.8100000000000028
0.9010000000000016 0.8118010000000029
0.9020000000000016 0.8136040000000029
0.9030000000000016 0.8154090000000028
0.9040000000000016 0.8172160000000028
0.9050000000000016 0.8190250000000029
0.9060000000000016 0.8208360000000029
0.9070000000000016 0.8226490000000029
0.9080000000000016 0.8244640000000029
0.9090000000000016 0.8262810000000029
0.9100000000000016 0.8281000000000028
0.9110000000000016 0.8299210000000029
0.9120000000000016 0.8317440000000029
0.9130000000000016 0.8335690000000029
0.9140000000000016 0.8353960000000029
0.9150000000000016 0.8372250000000029
0.9160000000000016 0.8390560000000029
0.9170000000000016 0.8408890000000029
0.9180000000000016 0.8427240000000029
0.9190000000000016 0.8445610000000029
0.9200000000000016 0.8464000000000029
0.9210000000000016 0.8482410000000029
0.9220000000000016 0.850084000000003
0.9230000000000016 0.8519290000000029
0.9240000000000016 0.853776000000003
0.9250000000000016 0.855625000000003
0.9260000000000016 0.857476000000003
0.9270000000000016 0.859329000000003
0.9280000000000016 0.861184000000003
0.9290000000000016 0.863041000000003
0.9300000000000016 0.864900000000003
0.9310000000000016 0.866761000000003
0.9320000000000016 0.868624000000003
0.9330000000000016 0.870489000000003
0.9340000000000016 0.872356000000003
0.9350000000000016 0.874225000000003
0.9360000000000016 0.876096000000003
0.9370000000000016 0.877969000000003
0.9380000000000016 0.8798440000000031
0.9390000000000016 0.881721000000003
0.9400000000000016 0.883600000000003
0.9410000000000016 0.8854810000000031
0.9420000000000016 0.887364000000003
0.9430000000000016 0.8892490000000031
0.9440000000000016 0.891136000000003
0.9450000000000016 0.8930250000000031
0.9460000000000016 0.894916000000003
0.9470000000000016 0.8968090000000031
0.9480000000000016 0.8987040000000031
0.9490000000000016 0.9006010000000031
0.9500000000000016 0.9025000000000031
0.9510000000000016 0.9044010000000031
0.9520000000000016 0.9063040000000031
0.9530000000000016 0.908209000000003
0.9540000000000016 0.9101160000000031
0.9550000000000016 0.9120250000000031
0.9560000000000016 0.9139360000000031
0.9570000000000016 0.9158490000000031
0.9580000000000016 0.9177640000000031
0.9590000000000016 0.9196810000000031
0.9600000000000016 0.9216000000000031
0.9610000000000016 0.9235210000000031
0.9620000000000016 0.9254440000000032
0.9630000000000016 0.9273690000000031
0.9640000000000016 0.9292960000000031
0.9650000000000016 0.9312250000000032
0.9660000000000016 0.9331560000000032
0.9670000000000016 0.9350890000000032
0.9680000000000016 0.9370240000000032
0.9690000000000016 0.9389610000000032
0.9700000000000016 0.9409000000000032
0.9710000000000016 0.9428410000000031
0.9720000000000016 0.9447840000000032
0.9730000000000016 0.9467290000000032
0.9740000000000016 0.9486760000000032
0.9750000000000016 0.9506250000000032
0.9760000000000016 0.9525760000000032
0.9770000000000016 0.9545290000000032
0.9780000000000016 0.9564840000000032
0.9790000000000016 0.9584410000000032
0.9800000000000016 0.9604000000000033
0.9810000000000016 0.9623610000000032
0.9820000000000016 0.9643240000000033
0.9830000000000017 0.9662890000000033
0.9840000000000017 0.9682560000000032
0.9850000000000017 0.9702250000000032
0.9860000000000017 0.9721960000000033
0.9870000000000017 0.9741690000000033
0.9880000000000017 0.9761440000000032
0.9890000000000017 0.9781210000000032
0.9900000000000017 0.9801000000000033
0.9910000000000017 0.9820810000000033
0.9920000000000017 0.9840640000000033
0.9930000000000017 0.9860490000000033
0.9940000000000017 0.9880360000000032
0.9950000000000017 0.9900250000000033
0.9960000000000017 0.9920160000000033
0.9970000000000017 0.9940090000000034
0.9980000000000017 0.9960040000000033
0.9990000000000017 0.9980010000000034
